$ANSIBLE_VAULT;1.1;AES256
30326135353630376337306135356232346138626161646364366666346562373839616365313564
3261386666633131376364366535396163393366666464370a383439646461383232666564303130
62356464333036666433643861316531306437316463343662323363643134376361346663663662
3139663137643134640a313932666139343331663663366636653931653331323831366138313736
61643830386361666137366362653265636139363831616138353764356433323966343037363335
31346266356633613133356531626137343366653330323766333463666438653164303466346633
61623162353730656465636134633234396566386432343830343331306465326161303835346630
35653966643736363333623835653835353436393231343934366163623930666564353866613366
38613163613339386335333164386362366138313937343235313962623331613166336564643633
35343666623761623039666139663634383333663933343464643163366337663239613664336365
37333830666231653164363662623838653864303833653566613063303130313264633935313432
33336465353162643632376566376630626333653863613831393933303366393264633038316231
39613530386230626135396337313765366363313332663133653035333962333736653338313564
62613131306534306665633134346137363765383030373735383664373465646562363430303938
39336332303133356235373837376132303230383332313330303236303962303063363337623961
34623361353136393536626536373465313438336436643666303264666438316666323563393662
61393563316432613362356132303265306639623434626230373864646638636430393861393236
61663765643532323962323862353431396533633230336438663634626137666533373537646462
34346162376234336665366531366562626132643130323236306432313935613264326332303133
35313965353732643539313433623531313036393633356139616432373034313865633061323233
61353465363233643239616130646636386565363062376139346466306266313134356661393866
62646636613035383435383934653031666530393662613461383932366438653662373639383361
65386337626333313235383863613334633031323237386662643261343533383531356233373031
34313061376561636532393430396635613532363833636566326561393336366261626165323731
37386139626462336266663866636262353434626664393435363632353461326132613437656662
63666436633431323332396266333361666239363661303031313464646237636539616532373832
63306338643038323364646166623031666636623735656465386666623331343464303837373639
37626335656536386431663866343933386335373237343363613830373339313961333635313964
30373562333431323032396365643866336637626330616237363436353439306662343635343738
31613836353562663335346164306161373332316233623263376463653135353633653839336137
33313536343932326136353233636436633931646565353935306264386230636133633631346332
30626432616237666363383232306262343531336131336634313531663465323336383365373230
35353332306634663966646338663637353663616662303637666233613330613563353666613032
62336230373230613566303533343733666130363439623235386463626163656566653437313738
63323036616637663634373263363034346332613539616363376531393463643935353730316465
33306261363233653238343761323935393762656162363262646436336331643736343534376439
61376133616664643936393363373332636535643932613764343434343837356264656464343839
66366237663135336532323432616435306132376430376534343435343464623037373162356261
39386632633132313736366161363736653938373338616531366439303561386630393630323431
39643063303066663838643263613538633336633962656234343639656431663836623662373261
65383534626431333232313932366263623963313436316133656334313463383861363861376638
61396663663338636330313232303464656530393736326239376665353735393166306662336430
34363339633730646431333434376261383835396565653632666231356137366663396637336232
61623838336463626566646135373939666166613861343932386235343136333939363433306564
37616436323463326363353566366263643362306538333030343066396564643233666339313833
33363239336163653666376564626464623332643164316337363033333364373332323462613264
39613233373261333463343461386464316630643133656265373939663939343335643830353265
61353739316139303431633732333032303165636639363634336666613064613538353861646166
64383030303731383466393363386366376535386164663261313234663738343238666566323631
30396263626239353632643661656462333334323734663331396137643439356334313536656165
36306436646163343763353834333337323265363234376362393163393463386539386633663966
30326237363037363564626166386337613033373134373563363139626334343761663565633330
62333133356436623832366339646138383766663566366431636434663866396364623930396234
34666135653335386132383735326361353661633535633730326162326337346264346636346531
35333432356635643132643134633362306537393539363031636538643965313162653938313939
62303531626531366633333064336564646236656539373331626663666536383032393032323966
32393934643333356539383130326265323965326237663231656136633562656566656565316536
34326633623238623934393238663237333161623639373030633439656233383363373337666239
35363236356436613932653138636131653735636630626339396166383462343139643333386165
64386437356130313064616464373039633966343939323663383835363939373239346364353164
30376231643032306535366235633263363335306439393464613137663333613132646262323735
36393737323134626234656230333561316335383763636334393737623832613933356139653839
64383063656538613530376432336130336166336564353061373837626661306532316366356532
35393232316634346465386363653730396366663033366364373232353665633837653861656663
37343266346364646236633037373733333162323665616365333936336331346337306662636539
35626639336635613636383662356531383865343037663766643436306235666635623563346161
38373832636331376139613037663365386533623738313937353535653738636161623439373132
33383334633831346630623666623962306432656238643833316339636230343637353735393938
35613737653138666364393431356337373663643238353865356662336561376165383166306334
66313735636163613834376434336235313561643062326639303366343330333439613139326266
38333531383134636635333138653434353731623961323361323766636662383336353636653966
37633261326566343737643935336665663165363333386332636337613736326466373664653132
65383363646465613865393739376332353364383861323564373030626162386535386539323137
62383762353762323732646534633835383963323438653161636463303039356230336466333462
35383634353161373838303266323665383532633766383132336236326163343337343535356438
31323031363865363766663239316134373533396238363766623430336231353637353361653565
33636137383864396362666234383836653133316431656164386465356138346439393335346666
65373936633762623335636131633965336438346266303462313334346365346337326238643931
32613161653435383564303538383536366230643034653633303935396434323365356439323332
66626434353539316466373037636437373235333832396561656531393931306432363937666131
66313138323435393262316261663230643139333732346533613038313433386565333432366133
32303963653135613831613363616132306437653366323465346430663062626132313963633665
37633534356339333263373832633433633338396662353834336235386330393333343161643130
66363763373939353439393466626439386138303730383132306166366366393661613865386334
35616434636539323539336664383461326133353863383565663564363361663561336263313466
36666562363730393730353365623838653163373464613834633063303232326535623130613261
61303164663035336166386437363832343231306639353339613261386339326639633537306533
64653935666231653261323437643836613230396365623134653061343035653438613533363733
31306435343065663561323739663836363836626430373161323165643366333362663836323133
66343137343531363831646164643964383734353435623264623230613039653233373562666635
38333634393733333338386232336163633630623238326433313365613731313864353133333566
66616133373864646230366333353562326361393330616336356233666464383335323462363638
30386533383162336164303138386161366561363737373436393934613963313861393030616438
30313666323735313364313735643164616433346537366532663361616136333732396431363566
36663537613361356331343936633835623932326333303361393339393032636539633838373139
62623564666263613664656630396466643665616462343664383965313463303935333037373665
35366237303535666163356134356539353861343637613235333661313264646530376664626161
34663232626133613039376634373161626137623630363734386435343132653736373439353366
30643837366438646261623162633030663462646631396534343433366564336562656561303864
66343630346664663030613137353631643831663364393364616232336338633031376462313538
62386331323433336136343266303262396431363137623463386438356230376366626335316337
39333864643263306536363932333561393232643233636339396664336235313138633932626432
62343032343235376631656333633738303764303533623335303662313636323533653464353834
35613830303332386364323835366465653431653464663032343536333233396132376637643332
62333131333830356530383734636261623664633662353066336466613266363466626664353065
31383465633730663532336363343233376230653231623334623731646438626161326164386261
38353464653364356634313138653161343633306466353533353634643064353561373463323561
35303861326561303762653639393536383333363236383066373037383931636133373166326162
39356431663661316231306631303836626638666635666330643738643166663730306361613435
34393434343263363666383064666439386433636133643964393962363838626234373432373431
33353566346230653564303139313532393035613036626238626131303336363461613238646538
62613333336465363535343265323437316538666437386336363262366631363439336630383632
36303737366333393536336566653638663939336165653634326533356337316561393565666139
30326337626635613166343437616534353936306533656236633661666661323332393038336464
62356565646539613833353735313934303031663533346535623061346164396566323838366161
62323365613839343665356136323462306636653965613433326662393334626434383732623765
32393162666261633165366131363131613236663536363130356434306662323664383738633936
32626465356335643131386464616631636430353166663931383337343839366438333030633138
35356161363363613765343061316132373234393066353963363365336237633461643139356232
66323134623565373966373866313237646163393364613261616663346661353266376430653437
31636636386132656530343837616337333535353030316163346537323432343464613732623631
64616132646331303466326535343031636461313134376436333763383033363231616338343932
39343766633839376535383938363232333335343032666237636130333635376630623934633633
35393966633036333734343162346261313566316164623437306466306336393733366462383635
65643033373634633263386239646566663532376233386539373638333634326664613932353862
37366161616661326464363764363662346532383837643431666562616464353034383731623131
66396234636466366630663961613963396662373334393937393538316631316537376535663630
33336137396661333033653334666566633361323635306335386365333138323963633231346531
64666661356137373662326361356236323932656363336334656266303761616164306432383134
32656234346662646337633139366462336430633466646636383733336261656663643264626361
31383830636463333838613937623564353961633663643566383138343866663263623236613264
61653937303532386539323166343566663533653039623337616166393066616165616231383130
37376639613533396138343866376630306335623563313038616332666239383162383239373066
66313237346135643866643339376633643631623439383635303438333865313336356132333861
61663931663037303365636362343337656631643866646366633862326364313934353938393933
38336365386164353537646533643561616633623264363737356338653630333636303130636435
32386131623238666364353565343864333031626538376366623536303565306235663534643536
30303466333032313631343330656633656537386133396332646136333133613935666266383031
66663437613639646164303030646237393335343631353930343862623766373338353963633831
65396366313566643864343530393966336364313361666339343666643639343463343232366366
32326432643564386166666632633437336330633038623335356633333364336231386337623662
30393164383330663339346437643962393866303935643865316165306437643162343931373266
30666262353834623832306132653235363035333661633463333062383166366366303232303063
61393834363733363865303630333964626261383638316464306237626262303730333863623038
64343836646562663863663965326464383632613832366165633033656561306232643562663032
61326139316330333139663763306237333238666264653262343339643363613037623636393764
35623761343430366663343563323836633837363838643536303835626535396231393162653165
37393236336563613630643933663935356231316363326138393365623165376336623930323235
66333666613831633239616631383639396334376564396332616332356135373139386161633736
38393130373030323834353739323664303237646334663935356263633266613934623765666666
62363664363934633035613538353064386464653461623231353333643962383438386664353033
63303766353765396239626439343335363262616565333962656538386431333632643137653638
36653131373535333536643736646430396139373564313038376136653366666363323062363839
30303866333233666264633736333163613039623933646265616536613661633836383064353666
66373136306535303166343338616662633935323330343535616334336138343930626539333633
64656162666338613730643262333833353736396330353232303062363765616366376165373463
31653832383338336562393133353031656637663934313837396233393137316232633062373938
62613963306631383664353461396166653732323762363432613230353735643861326638316563
64663133363938666263656131363130353961386665316264376136376138623737353564656139
62653662343837346561316635366633653936343763383631616261653536623066666139343434
32666432343764306466623564616433333439346231336639386666343136326232666234663437
31376364336466323064323566623463656463626162613730333330366236386366383262313039
64613939383861323535633033313036613331343332653365623761643862316363303839646530
65366565363564623430666439303133656230633236653161376163376162386231646234303436
64613837346661323738353234663361333035313664636566616463393666323330396230323330
36346432386532333462333536333333383161306339616462653263343931323736656162646239
33643830613734616430353031626565376366646463363037663363656466356437313838656537
61653933313763613134363339336635623966313639343235393366653133363532363737616439
36323866363764646537353530336137636635646366626637623334333836343062396565393663
62656532396633633666623535633930303236343435616136343062646136353731633061313538
38346432656562393639356563323931303836636432666136656634636562313832306463363339
39643063323131373061626130366539333334633265643564666433316136633633336434666666
61366439353735663262343263656366656266343536666438623438646161656333336463613961
31613065376231626461393435666265373439333035303432313837316464326433373332666139
63636461336661663264386666386362653134316133383331336135386365333833663638346634
66323530363037343464363963353333323936303061613638333035623833623534623063636166
66323537326338363766616136353466366533633837633534643432346361313632643964626132
35363564383866386134353134323339346661313637623733646330356330393031373662366331
63396366633132326137383931646264363932643165663439363862623139303637313766386265
62346235326337386332643461626231353266396432383430613563663039396333373264643138
37643139373836623837346261303064633833653937336535663531393330363466376665373039
39363130346566663034396139356662386331396236393039333839366635663362636263346361
35396262316134336330663135626538386535656561666164663731373437313430393561623932
33616362356537393638663433383237663834396331653334346464383837663139656435656131
34623936306131366365363438356131323138373565623030663736653335633034643931616233
37636635636231363437383362303439323832393962653038616432353537313532366531626236
30376239363863643732363436346233313261333366316263616663373033353331626634656538
61313432646134346564306636653662353563393930363263333430356438343666316532306635
34653638613539313736313362613838353461623536613438653034343536313539343065393966
39353833613263343839613262303835326365363861356566336632376462323837303334336430
34643134326333306135343362393832353836363764306533653637646133636462323539613165
33323166653730386338366133643539316635306663383534626663616262343837393034306333
33316132626333303330323339393961623434306662633031643963643931666464306564613733
31343037363765653131376434653736363062383736356436353532356436316664346436653330
36303930346564313637333833636333633136633531326130643539633734343936626537393336
31363764376438313165623438333036383865636363323931333830346161343238323762633562
30386438386635303865316235303138363733636135613934386236626634353134386566303865
65316364353863633532643366363732626638363462326565383835363233646164386234356466
32323862353037383362373964343436613164326331326632346537666338366666613261356236
64333163343637643535333061633864316639623539366437636431393762303732323562313461
64376632623439636266333930633864346565313564656363336435393164623065343864633062
33363137373766336265613631613061356462613263333463616235343737323539366434623166
65353038353962633633353965363130616266386561653339376231356138643430623766363564
62356131646161353636656661346538316332336337353837313166373063333232383038383466
32636531373863333061653137386463653062343933326535366337323335393764393764363833
61343635313737353731646237396636336430323261653235613538393039663830396137633631
33333864363835373562316533353463356139616437393436366337373435386363386661303264
65393331363365613231306433653665363838333265653164316333626262323932363662326561
65666535356534393665643837636333306366336165623634303961396538336136316662303831
64353032303564613532666338316436643565326264623938333830373365616561663836643038
38663138303064396164646537343164376538393739666661633363313564373964666631363333
36303536303463353465626166323564643861633334643861663939636239613934376236623538
38346633313934376164343336623134633364373039663531333038336430356565356561613730
33373664646134623733646139643264643436613839363933353032373637663263316665343938
61336562393962613231666535613831643837373037326531376361316138376435383130376630
62643663333031363965346330613334393761623335323166383563633634623339366635336234
32303434633637393836336537313232373465356537653037343735636137346266313634663661
37653663313435333064353731383938643461343039663134643464613936616435363936376431
66663230303432396531356533663764616638326636336438613633363538326537616133343736
30363831653636316135643230373563663838353565346161353035616335323761303832353066
33343337376466616263616330303964666561326334643036306263363464373030643663306637
34663736376433343961616365386637386232303136626561643566306531373337326331613834
62636330616330393834656535326362376633323665353366613835373831663462346565623638
61393130323238303035343035633332643336653832646638346563616437666663633738646665
32626238613337346231343732353931306163656239323834323866336630373835653765383336
63623139613635323564633361656131613061616264653466656363613338636661396531313733
63353538333561316366663733393738393263326363333736636430376565623039313635386535
33643337643961373164353435633232333533663365306538373066373430396637393263656163
33363935306261333939363832323830623833353463333462306439343433656135316434373439
65373639366234653135623831323537393262336630363839366439656562636631383534663766
30626235373364343566376533613932353431636332376639353933616466313632303437666339
31626664643734326537393134666332323134333465356666313439636661623863353535663963
36356461313062373233373865333939303039346630623036333162303239646637323538613639
64613239633730373261303762396163306637646562343037633961323266643839626331366139
39663862333264353039383066313634666337363135353162323430373531613438323432353733
61663135393032366637616536653438613231643738306135636366643330386539336336623136
61313666646138643762343661646536326463346630633932633131616435646562393931353135
32626230346133663035313237623338636634396663306134393938653237393530353333333765
62656133376438383731393863386332396631353237323164323065633963666632346333313866
64303739343234633331353336346139333063636361383563363739336635363961323039666236
35633236623139653835356535613433353765396235646533303861393030313837316633666361
34653661666638383837656431663637663465613238326131663730623737373965653165346330
61656563646666383064336539396133393239663937343362633362333662346536623930363764
61663633613232643537303035373832393761353637326239613632363839666632663535653635
61313838373764643938616136373764663637633937323663313537633837656665613963343630
65646334313333366233623761356331616263333833656531633535373932383132303062386564
38383435386331646636396663643134346532633463353838613033616363393263343630626232
36646430373864346330393665373338376561656161393135663638353563613630326339623163
30343738663931336339396231333064633139323437613937356162303232383437636264373636
64303465613362616561353939623830343263383765383864333836383561363765383838323262
39636465316165396135613333646464653064323666343730373261356333303536626134623332
33323732313939396132346561653463356537626437366235656531613237353465663965346234
39313435373566386462313966323733633262376236323833663865393834613566626235636234
63333863343464336665393536383838623831666632346339313861373638646634393132386264
35353166396633396363303637623663386365663265633232633162393033346665313335316137
31643232616366353962336139306163353066383530613766363365356664663032383630643836
39333131373635313736393262643937623761636563626664356430663762613962383537346434
63373833353338646666383537376166653136323364303638393562346137626439383832373138
38303461323634656634653334366132356534356139646466653461616664666535633562313463
32376639393761666164366466393439626331663662393432326662663662646335376436643535
63303234633734323039326134613037326134346639663537623030613562336666373733666439
32653333363734393962343661666166326633303033373433303435353464393234326266313662
65653066646337383464383366396261666334326566643962366436613430613164616339626433
35306431343135363564376663303764663738393931366136356433633131313966336639623632
64346630306336653134363566616131326330393962383561656130643031373835326131626635
31383066343735346239303932633731643538613164653431353039356537366433363062316364
66353837373037636530376233353835343134626165343832333539386136373930393532623031
39396139313662316265376665353533356162616166336561303932356236376262636332333464
33626233323266313938636236646363326265346465623638623566373435393836653137353931
36316163636463393838353263326231383538383966666530323531623035373066303730303133
30643938663330336561373862623430643233613062343734306334613262653634633238373036
35616563346563363630
